[gd_scene load_steps=8 format=3 uid="uid://c4o2gvraawhcj"]

[ext_resource type="Script" path="res://scenes/menus/select_car.gd" id="1_aoqrv"]
[ext_resource type="Theme" uid="uid://woesn7de4su7" path="res://scenes/menus/menu_standard.theme" id="1_c57x3"]
[ext_resource type="FontFile" uid="uid://dmqimawlgk1k" path="res://fonts/RussoOne-Regular.ttf" id="3_p2s8p"]

[sub_resource type="ProceduralSkyMaterial" id="ProceduralSkyMaterial_w8b5u"]

[sub_resource type="Sky" id="Sky_4ednk"]
sky_material = SubResource("ProceduralSkyMaterial_w8b5u")

[sub_resource type="Environment" id="Environment_tcc3m"]
background_mode = 2
sky = SubResource("Sky_4ednk")

[sub_resource type="SphereShape3D" id="SphereShape3D_kfkd1"]
radius = 5.0

[node name="select_car" type="Node"]
script = ExtResource("1_aoqrv")

[node name="Control" type="Control" parent="."]
layout_mode = 3
anchors_preset = 15
anchor_right = 1.0
anchor_bottom = 1.0
grow_horizontal = 2
grow_vertical = 2
theme = ExtResource("1_c57x3")

[node name="VBoxContainer" type="VBoxContainer" parent="Control"]
unique_name_in_owner = true
layout_mode = 0
offset_left = 100.0
offset_top = 200.0
offset_right = 500.0
offset_bottom = 1200.0
theme_override_constants/separation = 20

[node name="btn" type="Button" parent="Control/VBoxContainer"]
layout_mode = 2
text = "GT2"

[node name="btn2" type="Button" parent="Control/VBoxContainer"]
layout_mode = 2
text = "Turbo"

[node name="Button4" type="Button" parent="Control/VBoxContainer"]
visible = false
layout_mode = 2
text = "Turbo"

[node name="Button3" type="Button" parent="Control/VBoxContainer"]
visible = false
layout_mode = 2
text = "Supernova"

[node name="MarginContainer" type="MarginContainer" parent="Control"]
layout_mode = 1
anchors_preset = 15
anchor_right = 1.0
anchor_bottom = 1.0
grow_horizontal = 2
grow_vertical = 2
theme_override_constants/margin_left = 50
theme_override_constants/margin_top = 50
theme_override_constants/margin_right = 50

[node name="Label" type="Label" parent="Control/MarginContainer"]
layout_mode = 2
size_flags_vertical = 0
theme_override_fonts/font = ExtResource("3_p2s8p")
theme_override_font_sizes/font_size = 80
text = "> Select Car"

[node name="Node3D" type="Node3D" parent="."]

[node name="camera" type="Camera3D" parent="Node3D"]
unique_name_in_owner = true
transform = Transform3D(-0.778267, 0.0290094, -0.627264, 0, 0.998932, 0.0461981, 0.627934, 0.0359545, -0.777436, -1.45516, 1.11546, -2.28074)
current = true
fov = 60.0

[node name="car_marker" type="Marker3D" parent="Node3D"]
unique_name_in_owner = true
transform = Transform3D(1, 0, 0, 0, 1, 0, 0, 0, 1, 0, 0.791164, 0)

[node name="WorldEnvironment" type="WorldEnvironment" parent="Node3D"]
environment = SubResource("Environment_tcc3m")

[node name="DirectionalLight3D" type="DirectionalLight3D" parent="Node3D"]
transform = Transform3D(0.866025, 0.12941, -0.482963, 0.5, -0.224144, 0.836516, -5.55112e-17, -0.965926, -0.258819, 0, 4, 0)

[node name="CSGCombiner3D" type="CSGCombiner3D" parent="Node3D"]
visible = false
use_collision = true

[node name="ground2" type="CSGBox3D" parent="Node3D/CSGCombiner3D"]
transform = Transform3D(1, 0, 0, 0, 0.999391, -0.0348995, 0, 0.0348995, 0.999391, 0, 0, 0)
use_collision = true
size = Vector3(10, 1, 2.97619)

[node name="ground3" type="CSGBox3D" parent="Node3D/CSGCombiner3D"]
transform = Transform3D(1, 0, 0, 0, 0.999391, 0.0348995, 0, -0.0348995, 0.999391, 0, 0, 0)
use_collision = true
size = Vector3(10, 1, 2.97619)

[node name="CSGBox3D" type="CSGBox3D" parent="Node3D/CSGCombiner3D"]
transform = Transform3D(1, 0, 0, 0, 1, 0, 0, 0, 1, 0, 1, -1.5)
size = Vector3(1, 1, 0.118616)

[node name="CSGBox3D2" type="CSGBox3D" parent="Node3D/CSGCombiner3D"]
transform = Transform3D(1, 0, 0, 0, 1, 0, 0, 0, 1, 0, 1, 1.5)
size = Vector3(1, 1, 0.118616)

[node name="CSGBox3D" type="CSGBox3D" parent="Node3D"]
size = Vector3(100, 1, 100)

[node name="Area3D" type="Area3D" parent="Node3D"]
linear_damp_space_override = 3
linear_damp = 10.0
angular_damp_space_override = 3
angular_damp = 100.0

[node name="CollisionShape3D" type="CollisionShape3D" parent="Node3D/Area3D"]
shape = SubResource("SphereShape3D_kfkd1")

[connection signal="focus_entered" from="Control/VBoxContainer/btn" to="." method="_on_btn_focus_entered" binds= [0]]
[connection signal="pressed" from="Control/VBoxContainer/btn" to="." method="_on_btn_1_pressed"]
[connection signal="focus_entered" from="Control/VBoxContainer/btn2" to="." method="_on_btn_focus_entered" binds= [1]]
[connection signal="pressed" from="Control/VBoxContainer/btn2" to="." method="_on_btn_2_pressed"]
